5.567357089898054255e+03 9.998409648208216316e-01 1.499999999999999869e-04
5.567370991658943240e+03 1.000096112816651006e+00 1.499999999999999869e-04
5.567385449490268911e+03 9.998017792323138364e-01 1.499999999999999869e-04
5.567399351251158805e+03 1.000124635561476572e+00 1.499999999999999869e-04
5.567413253012048699e+03 1.000345929390639377e+00 1.499999999999999869e-04
5.567427154772937683e+03 1.000163577386468772e+00 1.499999999999999869e-04
5.567441056533827577e+03 9.999265378822983497e-01 1.499999999999999869e-04
5.567455514365153249e+03 9.999785584646276870e-01 1.499999999999999869e-04
5.567469416126043143e+03 1.000038393960457128e+00 1.499999999999999869e-04
5.567483317886932127e+03 1.000007083622953319e+00 1.499999999999999869e-04
5.567497219647822021e+03 9.999940024521161153e-01 1.499999999999999869e-04
5.567511121408711915e+03 9.997257129479455440e-01 1.499999999999999869e-04
5.567525579240037587e+03 9.998610668636082055e-01 1.499999999999999869e-04
5.567539481000926571e+03 9.998818398594376822e-01 1.499999999999999869e-04
5.567553382761816465e+03 9.999390711886004812e-01 1.499999999999999869e-04
5.567567284522706359e+03 1.000030156684429850e+00 1.499999999999999869e-04
5.567581186283596253e+03 1.000246242180259371e+00 1.499999999999999869e-04
5.567595644114921015e+03 1.000102950262588664e+00 1.499999999999999869e-04
5.567609545875810909e+03 1.000123723258418140e+00 1.499999999999999869e-04
5.567623447636700803e+03 9.998606420875809642e-01 1.499999999999999869e-04
5.567637905468026474e+03 9.999595376699103033e-01 1.499999999999999869e-04
5.567651807228916368e+03 9.997537481657398084e-01 1.499999999999999869e-04
5.567665708989805353e+03 9.995583753282359929e-01 1.499999999999999869e-04
5.567679610750695247e+03 9.996416483240654349e-01 1.499999999999999869e-04
5.567693512511585141e+03 9.993551296532282580e-01 1.499999999999999869e-04
5.567707970342910812e+03 9.996857960688908529e-01 1.499999999999999869e-04
5.567721316033364928e+03 9.998810506448871926e-01 1.499999999999999869e-04
5.567735773864689691e+03 9.995424462272165522e-01 1.499999999999999869e-04
5.567749675625579584e+03 9.997324900563793193e-01 1.499999999999999869e-04
5.567763577386464931e+03 9.999069088855421228e-01 1.499999999999999869e-04
5.567778035217794240e+03 9.994407003012047985e-01 1.499999999999999869e-04
5.567791936978684134e+03 9.995343899637009200e-01 1.499999999999999869e-04
5.567805838739574028e+03 9.993702671261970316e-01 1.499999999999999869e-04
5.567819740500463922e+03 9.995498942886932303e-01 1.499999999999999869e-04
5.567833642261353816e+03 9.995081672845226306e-01 1.499999999999999869e-04
5.567848100092678578e+03 9.995107087001853241e-01 1.499999999999999869e-04
5.567875903614458366e+03 9.993881921918442712e-01 1.499999999999999869e-04
5.567862001853568472e+03 9.995913775293481240e-01 1.499999999999999869e-04
5.567890361445783128e+03 9.995756294408402187e-01 1.499999999999999869e-04
5.567903707136237244e+03 9.996354673501698374e-01 1.499999999999999869e-04
5.567917608897127138e+03 9.994765528459993442e-01 1.499999999999999869e-04
5.567932066728452810e+03 9.997160734283286887e-01 1.499999999999999869e-04
5.567945968489342704e+03 1.000023304757491349e+00 1.499999999999999869e-04
5.567959870250231688e+03 9.999373069199876118e-01 1.499999999999999869e-04
5.567973772011121582e+03 1.000067454915817056e+00 1.499999999999999869e-04
5.567987673772011476e+03 1.000030936244979740e+00 1.499999999999999869e-04
5.568001575532901370e+03 1.000426709240809231e+00 1.499999999999999869e-04
5.568016033364227042e+03 9.998797714898053357e-01 1.499999999999999869e-04
5.568029935125116026e+03 9.999916903189680628e-01 1.499999999999999869e-04
5.568043836886005920e+03 1.000127046648130902e+00 1.499999999999999869e-04
5.568057738646895814e+03 1.000004590477293620e+00 1.499999999999999869e-04
5.568072196478221485e+03 9.999029652262897416e-01 1.499999999999999869e-04
5.568086654309546248e+03 9.998794649752856811e-01 1.499999999999999869e-04
5.568100556070436141e+03 9.998715921377818727e-01 1.499999999999999869e-04
5.568114457831326035e+03 9.999418443002779933e-01 1.499999999999999869e-04
5.568128359592215929e+03 1.000043346462774041e+00 1.499999999999999869e-04
5.568141149212234268e+03 1.000066728452270626e+00 1.499999999999999869e-04
